92.28515625
1.3931972789115645
2.043356009070295
2.693514739229025
3.320453514739229
3.900952380952381
4.504671201814059
5.038730158730159
5.688888888888889
6.339047619047619
6.965986394557823
7.616145124716553
8.266303854875284
8.916462585034013
9.543401360544218
10.170340136054422
10.727619047619047
11.354557823129252
11.888616780045352
12.585215419501134
13.305034013605443
14.048072562358277
14.675011337868481
15.32517006802721
15.975328798185942
16.532607709750568
17.136326530612244
17.716825396825396
18.3437641723356
18.99392290249433
19.644081632653062
20.271020408163267
20.921179138321996
21.5481179138322
22.19827664399093
22.84843537414966
23.49859410430839
24.14875283446712
24.775691609977326
25.425850340136055
26.09922902494331
26.79582766439909
27.376326530612246
27.980045351473922
28.63020408163265
29.280362811791385
29.930521541950114
30.55746031746032
31.207619047619048
31.834557823129252
32.46149659863946
33.111655328798186
33.761814058956915
34.411972789115644
35.062131519274374
35.68907029478458
36.33922902494331
36.989387755102044
37.61632653061225
38.26648526077098
38.91664399092971
39.566802721088436
40.19374149659864
40.84390022675737
41.4940589569161
42.120997732426304
42.77115646258503
43.39809523809524
44.04825396825397
44.698412698412696
45.3253514739229
45.97551020408163
46.625668934240366
47.275827664399095
47.9027664399093
48.55292517006803
49.20308390022676
49.83002267573696
50.48018140589569
51.1071201814059
51.757278911564626
52.407437641723355
53.057596371882084
53.68453514739229
54.33469387755102
54.98485260770975
55.635011337868484
56.26195011337869
57.12108843537415
57.86412698412698
58.51428571428571
59.16444444444444
59.88426303854875
60.55764172335601
61.27746031746032
61.83473922902494
62.461678004535145
63.111836734693874
63.76199546485261
64.41215419501134
65.06231292517006
65.7124716553288
66.43229024943311
67.01278911564626
67.63972789115647
68.26666666666667
68.9168253968254
69.5437641723356
70.19392290249434
70.82086167800453
71.37814058956916
71.95863945578232
72.56235827664399
73.21251700680273
73.83945578231292
74.48961451247166
75.11655328798186
75.7667120181406
76.41687074829932
77.04380952380953
77.69396825396825
78.34412698412699
78.99428571428571
79.64444444444445
80.27138321995464
80.9447619047619
81.66458049886621
82.24507936507936
82.84879818594105
83.49895691609977
84.12589569160998
84.75283446712018
85.37977324263039
85.91383219954649
86.47111111111111
87.09804988662131
87.63210884353741
88.18938775510205
88.81632653061224
89.60580498866213
90.32562358276644
90.97578231292518
91.60272108843537
92.25287981859411
92.81015873015873
93.34421768707483
93.97115646258503
94.62131519274377
95.2714739229025
95.8984126984127
96.54857142857144
97.29160997732426
98.03464852607709
98.68480725623583
99.33496598639456
